0000000100000000
1110110000010000
0000000000000000
1110001100001000
0000000010000101
1110101010000111
0000000000001111
1110001100001000
0000000000000000
1111110010101000
1111110000010000
1110110010100000
1111000111010000
1110101010001000
0000000000010100
1110001100000101
0000000000000000
1111110010100000
1110111010001000
0000000000001111
1111110000100000
1110101010000111
0000000000001111
1110001100001000
0000000000000000
1111110010101000
1111110000010000
1110110010100000
1111000111010000
1110101010001000
0000000000100101
1110001100000110
0000000000000000
1111110010100000
1110111010001000
0000000000001111
1111110000100000
1110101010000111
0000000000001111
1110001100001000
0000000000000000
1111110010101000
1111110000010000
1110110010100000
1111000111010000
1110101010001000
0000000000110110
1110001100000011
0000000000000000
1111110010100000
1110111010001000
0000000000001111
1111110000100000
1110101010000111
0000000000000101
1110110000010000
0000000000000001
1111000111100000
1111110000010000
0000000000001101
1110001100001000
0000000000000000
1111110010101000
1111110000010000
0000000000000010
1111110000100000
1110001100001000
1110110000010000
0000000000000000
1110011111001000
0000000000000001
1111110000010000
0000000000001110
1110001110101000
1111110000010000
0000000000000100
1110001100001000
0000000000001110
1111110010101000
1111110000010000
0000000000000011
1110001100001000
0000000000001110
1111110010101000
1111110000010000
0000000000000010
1110001100001000
0000000000001110
1111110010101000
1111110000010000
0000000000000001
1110001100001000
0000000000001101
1111110000100000
1110101010000111
0000000000000000
1111110000100000
1110001100001000
0000000000000001
1111110000010000
0000000000000000
1111110111101000
1110001100001000
0000000000000010
1111110000010000
0000000000000000
1111110111101000
1110001100001000
0000000000000011
1111110000010000
0000000000000000
1111110111101000
1110001100001000
0000000000000100
1111110000010000
0000000000000000
1111110111101000
1110001100001000
0000000000000100
1110110000010000
0000000000001101
1111000010010000
0000000000000000
1111000111010000
0000000000000010
1110001100001000
0000000000000000
1111110111011000
0000000000000001
1110001100001000
0000000000001110
1111110000100000
1110101010000111
0000000000000000
1110110000010000
0000000000001101
1110001100001000
0110110100000111
1110110000010000
0000000000001110
1110001100001000
0000000010010101
1110110000010000
0000000001011111
1110101010000111
0000000000001111
1110110000010000
0000000000000000
1111110111101000
1110110010100000
1110001100001000
0000000000000001
1110110000010000
0000000000001101
1110001100001000
0010001100111110
1110110000010000
0000000000001110
1110001100001000
0000000010101001
1110110000010000
0000000001011111
1110101010000111
0000000000000000
1111110010101000
1111110000010000
0000000000000011
1110001100001000
0000000000000010
1111110000100000
1111110000010000
0000000000000000
1111110111101000
1110110010100000
1110001100001000
0000000000000000
1111110010101000
1111110000010000
0000000000000011
1111110000100000
1110001100001000
0000000000000010
1111110111100000
1111110000010000
0000000000000000
1111110111101000
1110110010100000
1110001100001000
0000000000000000
1111110010101000
1111110000010000
0000000000000011
1111110111100000
1110001100001000
0000000000000010
1111110111100000
1110110111100000
1111110000010000
0000000000000000
1111110111101000
1110110010100000
1110001100001000
0000000000000011
1111110000010000
0000000000001010
1110000010010000
0000000000001101
1110001100001000
0000000000000000
1111110010101000
1111110000010000
0000000000001101
1111110000100000
1110001100001000
0000000000000010
1111110000010000
0000000000000011
1110000010100000
1111110000010000
0000000000000000
1111110111101000
1110110010100000
1110001100001000
0000000000000110
1110110000010000
0000000000000000
1111110111101000
1110110010100000
1110001100001000
0000000000000000
1111110010101000
1111110000010000
1110110010100000
1111000111001000
0000000000000011
1111110000010000
0000000000001011
1110000010010000
0000000000001101
1110001100001000
0000000000000000
1111110010101000
1111110000010000
0000000000001101
1111110000100000
1110001100001000
0000000000000010
1111110000010000
0000000000000100
1110000010100000
1111110000010000
0000000000000000
1111110111101000
1110110010100000
1110001100001000
0000000000000011
1111110000010000
0000000000001100
1110000010010000
0000000000001101
1110001100001000
0000000000000000
1111110010101000
1111110000010000
0000000000001101
1111110000100000
1110001100001000
0000000000000010
1111110000010000
0000000000000101
1110000010100000
1111110000010000
0000000000000000
1111110111101000
1110110010100000
1110001100001000
0000000000000110
1110110000010000
0000000000000000
1111110111101000
1110110010100000
1110001100001000
0000000000000000
1111110010101000
1111110000010000
1110110010100000
1111000111001000
0000000000000011
1111110000010000
0000000000001101
1110000010010000
0000000000001101
1110001100001000
0000000000000000
1111110010101000
1111110000010000
0000000000001101
1111110000100000
1110001100001000
0000000000000000
1111110111001000
1111110010100000
1110101010001000
0000000000000011
1111110000010000
0000000000001110
1110000010010000
0000000000001101
1110001100001000
0000000000000000
1111110010101000
1111110000010000
0000000000001101
1111110000100000
1110001100001000
0000000000000011
1111110000010000
0000000000000000
1111110111101000
1110110010100000
1110001100001000
0000000000000001
1110110000010000
0000000000001101
1110001100001000
0000000110001101
1110110000010000
0000000000001110
1110001100001000
0000000101010100
1110110000010000
0000000001011111
1110101010000111
0000000000000000
1111110010101000
1111110000010000
0000000000000101
1110001100001000
0000000000000011
1111110000010000
0000000000000000
1111110111101000
1110110010100000
1110001100001000
0000000000110110
1110101010000111
0000000000000010
1111110000100000
1111110000010000
0000000000000000
1111110111101000
1110110010100000
1110001100001000
0000000000000000
1111110010101000
1111110000010000
0000000000000011
1110001100001000
0000000000000011
1111110000010000
0000000000000000
1111110111101000
1110110010100000
1110001100001000
0000000000000001
1110110000010000
0000000000001101
1110001100001000
0010011000011011
1110110000010000
0000000000001110
1110001100001000
0000000110000001
1110110000010000
0000000001011111
1110101010000111
0000000000000000
1111110010101000
1111110000010000
0000000000000101
1110001100001000
0000000000000000
1111110111001000
1111110010100000
1110101010001000
0000000000110110
1110101010000111
0000000000000010
1111110000100000
1111110000010000
0000000000000000
1111110111101000
1110110010100000
1110001100001000
0000000000000000
1111110010101000
1111110000010000
0000000000000011
1110001100001000
0000000000000000
1111110111001000
1111110010100000
1110101010001000
0000000000000000
1111110010100000
1111110001001000
0000000000000001
1110110000010000
0000000000001101
1110001100001000
0101010000000001
1110110000010000
0000000000001110
1110001100001000
0000000110101101
1110110000010000
0000000001011111
1110101010000111
0000000000000000
1111110010101000
1111110000010000
0000000000000101
1110001100001000
0000000000000011
1111110000010000
0000000000000000
1111110111101000
1110110010100000
1110001100001000
0000000000000001
1110110000010000
0000000000001101
1110001100001000
0000001000010010
1110110000010000
0000000000001110
1110001100001000
0000000111000101
1110110000010000
0000000001011111
1110101010000111
0000000000000000
1111110010101000
1111110000010000
0000000000000101
1110001100001000
0000000000000000
1111110111001000
1111110010100000
1110101010001000
0000000000110110
1110101010000111
0000000000000010
1111110000100000
1111110000010000
0000000000000000
1111110111101000
1110110010100000
1110001100001000
0000000000000000
1111110010101000
1111110000010000
0000000000000011
1110001100001000
0000000000000000
1111110111001000
1111110010100000
1110101010001000
0000000000000001
1110110000010000
0000000000001101
1110001100001000
0101010000000001
1110110000010000
0000000000001110
1110001100001000
0000000111101110
1110110000010000
0000000001011111
1110101010000111
0000000000000000
1111110010101000
1111110000010000
0000000000000101
1110001100001000
0000000000000011
1111110000010000
0000000000000000
1111110111101000
1110110010100000
1110001100001000
0000000000000001
1110110000010000
0000000000001101
1110001100001000
0000001000010010
1110110000010000
0000000000001110
1110001100001000
0000001000000110
1110110000010000
0000000001011111
1110101010000111
0000000000000000
1111110010101000
1111110000010000
0000000000000101
1110001100001000
0000000000000000
1111110111001000
1111110010100000
1110101010001000
0000000000110110
1110101010000111
0000000000000010
1111110000100000
1111110000010000
0000000000000000
1111110111101000
1110110010100000
1110001100001000
0000000000000000
1111110010101000
1111110000010000
0000000000000011
1110001100001000
0000000000000011
1111110000100000
1111110000010000
0000000000000000
1111110111101000
1110110010100000
1110001100001000
0000000000000011
1111110111100000
1111110000010000
0000000000000000
1111110111101000
1110110010100000
1110001100001000
0000000000000011
1111110000100000
1111110000010000
0000000000000000
1111110111101000
1110110010100000
1110001100001000
0000000000000101
1110110000010000
0000000000000000
1111110111101000
1110110010100000
1110001100001000
0000000000000000
1111110010101000
1111110000010000
1110110010100000
1111000010001000
0000000000000011
1111110111100000
1111110000010000
0000000000000000
1111110111101000
1110110010100000
1110001100001000
0000000000000101
1110110000010000
0000000000000000
1111110111101000
1110110010100000
1110001100001000
0000000000000000
1111110010101000
1111110000010000
1110110010100000
1111000010001000
0000000000000100
1110110000010000
0000000000001101
1110001100001000
0101100111110010
1110110000010000
0000000000001110
1110001100001000
0000001001011101
1110110000010000
0000000001011111
1110101010000111
0000000000000000
1111110010101000
1111110000010000
0000000000000101
1110001100001000
0000000000000000
1111110111001000
1111110010100000
1110101010001000
0000000000110110
1110101010000111
0000000000000010
1111110000100000
1111110000010000
0000000000000000
1111110111101000
1110110010100000
1110001100001000
0000000000000000
1111110010101000
1111110000010000
0000000000000011
1110001100001000
0000000000000011
1111110000100000
1111110000010000
0000000000000000
1111110111101000
1110110010100000
1110001100001000
0000000000110110
1110101010000111
0000000000000010
1111110000100000
1111110000010000
0000000000000000
1111110111101000
1110110010100000
1110001100001000
0000000000000000
1111110010101000
1111110000010000
0000000000000011
1110001100001000
0000000000000011
1111110000100000
1111110000010000
0000000000000000
1111110111101000
1110110010100000
1110001100001000
0000000000000101
1110110000010000
0000000000000000
1111110111101000
1110110010100000
1110001100001000
0000000000000000
1111110010101000
1111110000010000
1110110010100000
1111000010001000
0000000000110110
1110101010000111
0000000000000011
1110110000010000
1110001110010000
0000000000000000
1111110111101000
1110110010100000
1110101010001000
0000001010100011
1110001100000001
0000000000000010
1111110000100000
1111110000010000
0000000000000000
1111110111101000
1110110010100000
1110001100001000
0000000000000000
1111110010101000
1111110000010000
0000000000000011
1110001100001000
0000000000000010
1111110111100000
1111110000010000
0000000000000000
1111110111101000
1110110010100000
1110001100001000
0000000000000011
1111110000100000
1111110000010000
0000000000000000
1111110111101000
1110110010100000
1110001100001000
0000000000000000
1111110010101000
1111110000010000
1110110010100000
1111000111001000
0000000000000000
1111110010101000
1111110000010000
0000000000000011
1111110111100000
1110110111100000
1110001100001000
0000000000000010
1111110111100000
1110110111100000
1111110000010000
0000000000000000
1111110111101000
1110110010100000
1110001100001000
0000000000000011
1111110111100000
1111110000010000
0000000000000000
1111110111101000
1110110010100000
1110001100001000
0000000000000000
1111110010101000
1111110000010000
1110110010100000
1111000111001000
0000000000000000
1111110010101000
1111110000010000
0000000000000011
1111110111100000
1110110111100000
1110110111100000
1110001100001000
0000000000000011
1111110111100000
1110110111100000
1111110000010000
0000000000000000
1111110111101000
1110110010100000
1110001100001000
0000000000000001
1110110000010000
0000000000001101
1110001100001000
0001101110100101
1110110000010000
0000000000001110
1110001100001000
0000001100000001
1110110000010000
0000000001011111
1110101010000111
0000000000000000
1111110010101000
1111110000010000
0000000000000001
1111110000100000
1110001100001000
0000000000000011
1111110000010000
0000000000000011
1110000010100000
1111110000010000
0000000000000000
1111110111101000
1110110010100000
1110001100001000
0000000000000001
1110110000010000
0000000000001101
1110001100001000
0001101110100101
1110110000010000
0000000000001110
1110001100001000
0000001100011101
1110110000010000
0000000001011111
1110101010000111
0000000000000000
1111110010101000
1111110000010000
0000000000000001
1111110111100000
1110001100001000
0000000000000001
1111110000100000
1111110000010000
0000000000000000
1111110111101000
1110110010100000
1110001100001000
0000000000000001
1111110111100000
1111110000010000
0000000000000000
1111110111101000
1110110010100000
1110001100001000
0000001100110110
1110110000010000
0000000000100110
1110101010000111
0000000000000011
1111110000010000
0000000000000111
1110000010010000
0000000000001101
1110001100001000
0000000000000000
1111110010101000
1111110000010000
0000000000001101
1111110000100000
1110001100001000
0000000000000011
1111110000010000
0000000000000111
1110000010100000
1111110000010000
0000000000000000
1111110111101000
1110110010100000
1110001100001000
0000000000000000
1111110010101000
1111110000010000
0000001101010011
1110001100000101
0000001110111110
1110101010000111
0000000000000001
1111110000100000
1111110000010000
0000000000000000
1111110111101000
1110110010100000
1110001100001000
0000000000000000
1111110010101000
1111110000010000
0000000000000001
1111110111100000
1110110111100000
1110001100001000
0000000000000001
1111110111100000
1111110000010000
0000000000000000
1111110111101000
1110110010100000
1110001100001000
0000000000000000
1111110010101000
1111110000010000
0000000000000001
1111110000100000
1110001100001000
0000000000000001
1111110111100000
1110110111100000
1111110000010000
0000000000000000
1111110111101000
1110110010100000
1110001100001000
0000000000000000
1111110010101000
1111110000010000
0000000000000001
1111110111100000
1110001100001000
0000000000000011
1111110111100000
1111110000010000
0000000000000000
1111110111101000
1110110010100000
1110001100001000
0000000000000010
1111110111100000
1110110111100000
1111110000010000
0000000000000000
1111110111101000
1110110010100000
1110001100001000
0000001110010000
1110110000010000
0000000000100110
1110101010000111
0000000000000011
1111110000010000
0000000000001000
1110000010010000
0000000000001101
1110001100001000
0000000000000000
1111110010101000
1111110000010000
0000000000001101
1111110000100000
1110001100001000
0000000000000011
1111110000100000
1111110000010000
0000000000000000
1111110111101000
1110110010100000
1110001100001000
0000000000000010
1111110111100000
1111110000010000
0000000000000000
1111110111101000
1110110010100000
1110001100001000
0000001110101111
1110110000010000
0000000000100110
1110101010000111
0000000000000011
1111110000010000
0000000000001001
1110000010010000
0000000000001101
1110001100001000
0000000000000000
1111110010101000
1111110000010000
0000000000001101
1111110000100000
1110001100001000
0000001111111110
1110101010000111
0000000000000011
1111110000100000
1111110000010000
0000000000000000
1111110111101000
1110110010100000
1110001100001000
0000000000000010
1111110111100000
1111110000010000
0000000000000000
1111110111101000
1110110010100000
1110001100001000
0000001111010001
1110110000010000
0000000000100110
1110101010000111
0000000000000011
1111110000010000
0000000000001000
1110000010010000
0000000000001101
1110001100001000
0000000000000000
1111110010101000
1111110000010000
0000000000001101
1111110000100000
1110001100001000
0000000000000011
1111110111100000
1111110000010000
0000000000000000
1111110111101000
1110110010100000
1110001100001000
0000000000000010
1111110111100000
1110110111100000
1111110000010000
0000000000000000
1111110111101000
1110110010100000
1110001100001000
0000001111110001
1110110000010000
0000000000100110
1110101010000111
0000000000000011
1111110000010000
0000000000001001
1110000010010000
0000000000001101
1110001100001000
0000000000000000
1111110010101000
1111110000010000
0000000000001101
1111110000100000
1110001100001000
0000000000000010
1110110000010000
0000000000000000
1111110111101000
1110110010100000
1110001100001000
0000000000000001
1111110111100000
1111110000010000
0000000000000000
1111110111101000
1110110010100000
1110001100001000
0000000000000010
1110110000010000
0000000000001101
1110001100001000
0001101111011001
1110110000010000
0000000000001110
1110001100001000
0000010000011000
1110110000010000
0000000001011111
1110101010000111
0000000000000001
1111110000100000
1111110000010000
0000000000000000
1111110111101000
1110110010100000
1110001100001000
0000000000000000
1111110010101000
1111110000010000
1110110010100000
1111000111001000
0000000000000000
1111110010101000
1111110000010000
0000000000000011
1111110111100000
1110110111100000
1110110111100000
1110110111100000
1110001100001000
0000000000000010
1110110000010000
0000000000000000
1111110111101000
1110110010100000
1110001100001000
0000000000000001
1111110111100000
1111110000010000
0000000000000000
1111110111101000
1110110010100000
1110001100001000
0000000000000010
1110110000010000
0000000000001101
1110001100001000
0001101111011001
1110110000010000
0000000000001110
1110001100001000
0000010001000111
1110110000010000
0000000001011111
1110101010000111
0000000000000000
1111110010101000
1111110000010000
0000000000000011
1111110111100000
1110110111100000
1110110111100000
1110110111100000
1110110111100000
1110001100001000
0000000000000010
1110110000010000
0000000000000000
1111110111101000
1110110010100000
1110001100001000
0000000000000001
1111110111100000
1111110000010000
0000000000000000
1111110111101000
1110110010100000
1110001100001000
0000000000000001
1111110000100000
1111110000010000
0000000000000000
1111110111101000
1110110010100000
1110001100001000
0000000000000000
1111110010101000
1111110000010000
1110110010100000
1111000111001000
0000000000000010
1110110000010000
0000000000001101
1110001100001000
0001101111011001
1110110000010000
0000000000001110
1110001100001000
0000010001110111
1110110000010000
0000000001011111
1110101010000111
0000000000000000
1111110010101000
1111110000010000
0000000000000011
1111110111100000
1110110111100000
1110110111100000
1110110111100000
1110110111100000
1110110111100000
1110001100001000
0000000000000000
1111110111001000
1111110010100000
1110101010001000
0000000000110110
1110101010000111
0000000000000010
1111110000100000
1111110000010000
0000000000000000
1111110111101000
1110110010100000
1110001100001000
0000000000000000
1111110010101000
1111110000010000
0000000000000011
1110001100001000
0000000000000011
1111110000010000
0000000000000000
1111110111101000
1110110010100000
1110001100001000
0000000000000001
1110110000010000
0000000000001101
1110001100001000
0000000111010001
1110110000010000
0000000000001110
1110001100001000
0000010010101000
1110110000010000
0000000001011111
1110101010000111
0000000000000000
1111110010101000
1111110000010000
0000000000000101
1110001100001000
0000000000000011
1111110000010000
0000000000000100
1110000010100000
1111110000010000
0000000000000000
1111110111101000
1110110010100000
1110001100001000
0000000000000000
1111110111001000
1111110010100000
1110101010001000
0000010010111111
1110110000010000
0000000000100110
1110101010000111
0000000000000000
1111110010101000
1111110000010000
0000010011000111
1110001100000101
0000010011101010
1110101010000111
0000000000000011
1111110000010000
0000000000000100
1110000010100000
1111110000010000
0000000000000000
1111110111101000
1110110010100000
1110001100001000
0000000000000011
1111110000010000
0000000000000101
1110000010100000
1111110000010000
0000000000000000
1111110111101000
1110110010100000
1110001100001000
0000000000000000
1111110010101000
1111110000010000
1110110010100000
1111000010001000
0000000000000000
1111110010101000
1111110000010000
0000000000000011
1111110111100000
1110110111100000
1110110111100000
1110110111100000
1110001100001000
0000010110101010
1110101010000111
0000000000000011
1111110000010000
0000000000000100
1110000010100000
1111110000010000
0000000000000000
1111110111101000
1110110010100000
1110001100001000
0000000000000011
1111110000010000
0000000000000110
1110000010100000
1111110000010000
0000000000000000
1111110111101000
1110110010100000
1110001100001000
0000000000000000
1111110010101000
1111110000010000
1110110010100000
1111000010001000
0000000000000000
1111110010101000
1111110000010000
0000000000000011
1111110111100000
1110110111100000
1110110111100000
1110110111100000
1110001100001000
0000000000000011
1111110000010000
0000000000001001
1110000010100000
1111110000010000
0000000000000000
1111110111101000
1110110010100000
1110001100001000
0000000000000000
1111110010101000
1111110000010000
0000010100011011
1110001100000101
0000010101100011
1110101010000111
0000000000000011
1111110000010000
0000000000000111
1110000010100000
1111110000010000
0000000000000000
1111110111101000
1110110010100000
1110001100001000
0000000000000000
1111110010101000
1111110000010000
0000010100101100
1110001100000101
0000010101000111
1110101010000111
0000000000000011
1111110000100000
1111110000010000
0000000000000000
1111110111101000
1110110010100000
1110001100001000
0000000000000100
1110110000010000
0000000000000000
1111110111101000
1110110010100000
1110001100001000
0000000000000000
1111110010101000
1111110000010000
1110110010100000
1111000010001000
0000000000000000
1111110010101000
1111110000010000
0000000000000011
1111110000100000
1110001100001000
0000010101100000
1110101010000111
0000000000000011
1111110111100000
1111110000010000
0000000000000000
1111110111101000
1110110010100000
1110001100001000
0000000000000100
1110110000010000
0000000000000000
1111110111101000
1110110010100000
1110001100001000
0000000000000000
1111110010101000
1111110000010000
1110110010100000
1111000010001000
0000000000000000
1111110010101000
1111110000010000
0000000000000011
1111110111100000
1110001100001000
0000010110101001
1110101010000111
0000000000000011
1111110000010000
0000000000000111
1110000010100000
1111110000010000
0000000000000000
1111110111101000
1110110010100000
1110001100001000
0000000000000000
1111110010101000
1111110000010000
0000010101110100
1110001100000101
0000010110001111
1110101010000111
0000000000000011
1111110000100000
1111110000010000
0000000000000000
1111110111101000
1110110010100000
1110001100001000
0000000000000100
1110110000010000
0000000000000000
1111110111101000
1110110010100000
1110001100001000
0000000000000000
1111110010101000
1111110000010000
1110110010100000
1111000111001000
0000000000000000
1111110010101000
1111110000010000
0000000000000011
1111110000100000
1110001100001000
0000010110101000
1110101010000111
0000000000000011
1111110111100000
1111110000010000
0000000000000000
1111110111101000
1110110010100000
1110001100001000
0000000000000100
1110110000010000
0000000000000000
1111110111101000
1110110010100000
1110001100001000
0000000000000000
1111110010101000
1111110000010000
1110110010100000
1111000111001000
0000000000000000
1111110010101000
1111110000010000
0000000000000011
1111110111100000
1110001100001000
0000000000000011
1111110000010000
0000000000001000
1110000010100000
1111110000010000
0000000000000000
1111110111101000
1110110010100000
1110001100001000
0000000000000000
1111110010101000
1111110000010000
0000010110111011
1110001100000101
0000011000000011
1110101010000111
0000000000000011
1111110000010000
0000000000000111
1110000010100000
1111110000010000
0000000000000000
1111110111101000
1110110010100000
1110001100001000
0000000000000000
1111110010101000
1111110000010000
0000010111001100
1110001100000101
0000010111100111
1110101010000111
0000000000000011
1111110111100000
1111110000010000
0000000000000000
1111110111101000
1110110010100000
1110001100001000
0000000000000100
1110110000010000
0000000000000000
1111110111101000
1110110010100000
1110001100001000
0000000000000000
1111110010101000
1111110000010000
1110110010100000
1111000010001000
0000000000000000
1111110010101000
1111110000010000
0000000000000011
1111110111100000
1110001100001000
0000011000000000
1110101010000111
0000000000000011
1111110000100000
1111110000010000
0000000000000000
1111110111101000
1110110010100000
1110001100001000
0000000000000100
1110110000010000
0000000000000000
1111110111101000
1110110010100000
1110001100001000
0000000000000000
1111110010101000
1111110000010000
1110110010100000
1111000010001000
0000000000000000
1111110010101000
1111110000010000
0000000000000011
1111110000100000
1110001100001000
0000011001001001
1110101010000111
0000000000000011
1111110000010000
0000000000000111
1110000010100000
1111110000010000
0000000000000000
1111110111101000
1110110010100000
1110001100001000
0000000000000000
1111110010101000
1111110000010000
0000011000010100
1110001100000101
0000011000101111
1110101010000111
0000000000000011
1111110111100000
1111110000010000
0000000000000000
1111110111101000
1110110010100000
1110001100001000
0000000000000100
1110110000010000
0000000000000000
1111110111101000
1110110010100000
1110001100001000
0000000000000000
1111110010101000
1111110000010000
1110110010100000
1111000111001000
0000000000000000
1111110010101000
1111110000010000
0000000000000011
1111110111100000
1110001100001000
0000011001001000
1110101010000111
0000000000000011
1111110000100000
1111110000010000
0000000000000000
1111110111101000
1110110010100000
1110001100001000
0000000000000100
1110110000010000
0000000000000000
1111110111101000
1110110010100000
1110001100001000
0000000000000000
1111110010101000
1111110000010000
1110110010100000
1111000111001000
0000000000000000
1111110010101000
1111110000010000
0000000000000011
1111110000100000
1110001100001000
0000000000000011
1111110000100000
1111110000010000
0000000000000000
1111110111101000
1110110010100000
1110001100001000
0000000000000011
1111110000010000
0000000000001010
1110000010100000
1111110000010000
0000000000000000
1111110111101000
1110110010100000
1110001100001000
0000011001011110
1110110000010000
0000000000010110
1110101010000111
0000000000000000
1111110010100000
1111110001001000
0000000000000000
1111110010101000
1111110000010000
0000011001101001
1110001100000101
0000011010001001
1110101010000111
0000000000000000
1111110111001000
1111110010100000
1110111111001000
0000000000000011
1111110000010000
0000000000001110
1110000010010000
0000000000001101
1110001100001000
0000000000000000
1111110010101000
1111110000010000
0000000000001101
1111110000100000
1110001100001000
0000000000000011
1111110000010000
0000000000001010
1110000010100000
1111110000010000
0000000000000000
1111110111101000
1110110010100000
1110001100001000
0000000000000000
1111110010101000
1111110000010000
0000000000000011
1111110000100000
1110001100001000
0000000000000011
1111110000100000
1111110000010000
0000000000000000
1111110111101000
1110110010100000
1110001100001000
0000000000000011
1111110000010000
0000000000001011
1110000010100000
1111110000010000
0000000000000000
1111110111101000
1110110010100000
1110001100001000
0000011010011110
1110110000010000
0000000000100110
1110101010000111
0000000000000000
1111110010100000
1111110001001000
0000000000000000
1111110010101000
1111110000010000
0000011010101001
1110001100000101
0000011011001011
1110101010000111
0000000000000010
1110110000010000
0000000000000000
1111110111101000
1110110010100000
1110001100001000
0000000000000011
1111110000010000
0000000000001110
1110000010010000
0000000000001101
1110001100001000
0000000000000000
1111110010101000
1111110000010000
0000000000001101
1111110000100000
1110001100001000
0000000000000011
1111110000010000
0000000000001011
1110000010100000
1111110000010000
0000000000000000
1111110111101000
1110110010100000
1110001100001000
0000000000000000
1111110010101000
1111110000010000
0000000000000011
1111110000100000
1110001100001000
0000000000000011
1111110111100000
1111110000010000
0000000000000000
1111110111101000
1110110010100000
1110001100001000
0000000000000011
1111110000010000
0000000000001100
1110000010100000
1111110000010000
0000000000000000
1111110111101000
1110110010100000
1110001100001000
